10,121
10,245
49,3
49,2
49,1
10,175
49,0
10,275
10,221
48,3
10,81
10,87
48,2
48,1
48,0
45,4
45,3
45,2
45,1
11,13
45,0
44,5
44,4
44,3
44,2
11,5
44,1
44,0
43,4
43,3
43,2
43,1
43,0
41,5
41,4
41,3
41,2
41,1
41,0
38,5
38,4
38,3
38,2
9,5
38,1
9,2
38,0
36,5
9,3
36,4
36,3
36,2
36,1
36,0
34,5
34,4
34,3
34,2
34,1
34,0
32,4
8,5
32,3
32,2
32,1
8,18
32,0
27,5
8,13
27,4
27,3
8,11
27,2
8,2
8,3
27,1
27,0
24,3
24,2
24,1
24,0
12,3
12,2
12,1
11,29
11,28
11,27
11,26
20,2
11,25
20,1
11,24
20,3
19,2
19,1
11,23
11,21
11,20
11,19
11,18
11,17
11,15
11,14
11,11
11,9
19,3
11,3
11,2
11,1
